date,accum_confirm,new_confirm,infect_rate,accum_death,new_death,fatal_rate
2020-01-23,0,0,0.0,0,0,0.0
2020-01-24,0,0,0.0,0,0,0.0
2020-01-25,0,0,0.0,0,0,0.0
2020-01-26,0,0,0.0,0,0,0.0
2020-01-27,0,0,0.0,0,0,0.0
2020-01-28,0,0,0.0,0,0,0.0
2020-01-29,0,0,0.0,0,0,0.0
2020-01-30,0,0,0.0,0,0,0.0
2020-01-31,0,0,0.0,0,0,0.0
2020-02-01,0,0,0.0,0,0,0.0
2020-02-02,0,0,0.0,0,0,0.0
2020-02-03,0,0,0.0,0,0,0.0
2020-02-04,0,0,0.0,0,0,0.0
2020-02-05,0,0,0.0,0,0,0.0
2020-02-06,0,0,0.0,0,0,0.0
2020-02-07,0,0,0.0,0,0,0.0
2020-02-08,0,0,0.0,0,0,0.0
2020-02-09,0,0,0.0,0,0,0.0
2020-02-10,0,0,0.0,0,0,0.0
2020-02-11,0,0,0.0,0,0,0.0
2020-02-12,0,0,0.0,0,0,0.0
2020-02-13,0,0,0.0,0,0,0.0
2020-02-14,0,0,0.0,0,0,0.0
2020-02-15,0,0,0.0,0,0,0.0
2020-02-16,0,0,0.0,0,0,0.0
2020-02-17,0,0,0.0,0,0,0.0
2020-02-18,0,0,0.0,0,0,0.0
2020-02-19,0,0,0.0,0,0,0.0
2020-02-20,0,0,0.0,0,0,0.0
2020-02-21,0,0,0.0,0,0,0.0
2020-02-22,0,0,0.0,0,0,0.0
2020-02-23,0,0,0.0,0,0,0.0
2020-02-24,0,0,0.0,0,0,0.0
2020-02-25,0,0,0.0,0,0,0.0
2020-02-26,0,0,0.0,0,0,0.0
2020-02-27,0,0,0.0,0,0,0.0
2020-02-28,0,0,0.0,0,0,0.0
2020-02-29,0,0,0.0,0,0,0.0
2020-03-01,0,0,0.0,0,0,0.0
2020-03-02,0,0,0.0,0,0,0.0
2020-03-03,0,0,0.0,0,0,0.0
2020-03-04,0,0,0.0,0,0,0.0
2020-03-05,2,2,0.0,0,0,0.0
2020-03-06,3,1,0.0,0,0,0.0
2020-03-07,5,2,0.0,0,0,0.0
2020-03-08,5,0,0.0,0,0,0.0
2020-03-09,6,1,0.0,0,0,0.0
2020-03-10,6,0,0.0,0,0,0.0
2020-03-11,7,1,0.0,0,0,0.0
2020-03-12,9,2,0.0,0,0,0.0
2020-03-13,9,0,0.0,0,0,0.0
2020-03-14,11,2,0.0,0,0,0.0
2020-03-15,11,0,0.0,0,0,0.0
2020-03-16,13,2,0.0,0,0,0.0
2020-03-17,16,3,0.0,0,0,0.0
2020-03-18,23,7,0.0,1,1,4.35
2020-03-19,30,7,0.0,1,0,3.33
2020-03-20,55,25,0.0,1,0,1.82
2020-03-21,68,13,0.0,2,1,2.94
2020-03-22,74,6,0.0,2,0,2.7
2020-03-23,78,4,0.0,2,0,2.56
2020-03-24,134,56,0.0,4,2,2.99
2020-03-25,185,51,0.0,5,1,2.7
2020-03-26,203,18,0.0,6,1,2.96
2020-03-27,229,26,0.0,10,4,4.37
2020-03-28,445,216,0.01,11,1,2.47
2020-03-29,526,81,0.01,13,2,2.47
2020-03-30,563,37,0.01,17,4,3.02
2020-03-31,680,117,0.01,20,3,2.94
2020-04-01,847,167,0.02,25,5,2.95
2020-04-02,955,108,0.02,29,4,3.04
2020-04-03,1106,151,0.02,31,2,2.8
2020-04-04,1284,178,0.03,36,5,2.8
2020-04-05,1395,111,0.03,47,11,3.37
2020-04-06,1809,414,0.04,54,7,2.99
2020-04-07,2146,337,0.05,58,4,2.7
2020-04-08,2341,195,0.05,63,5,2.69
2020-04-09,3047,706,0.06,71,8,2.33
2020-04-10,3261,214,0.07,74,3,2.27
2020-04-11,3561,300,0.08,79,5,2.22
2020-04-12,3629,68,0.08,86,7,2.37
2020-04-13,3744,115,0.08,92,6,2.46
2020-04-14,3907,163,0.08,98,6,2.51
2020-04-15,4097,190,0.09,105,7,2.56
2020-04-16,4306,209,0.09,112,7,2.6
2020-04-17,4460,154,0.09,119,7,2.67
2020-04-18,4653,193,0.1,124,5,2.66
2020-04-19,4823,170,0.1,131,7,2.72
2020-04-20,4977,154,0.11,134,3,2.69
2020-04-21,5143,166,0.11,143,9,2.78
2020-04-22,5211,68,0.11,150,7,2.88
2020-04-23,5330,119,0.11,154,4,2.89
2020-04-24,5482,152,0.12,159,5,2.9
2020-04-25,5482,0,0.12,166,7,3.03
2020-04-26,5628,146,0.12,171,5,3.04
2020-04-27,5628,0,0.12,176,5,3.13
2020-04-28,5827,199,0.12,179,3,3.07
2020-04-29,6161,334,0.13,184,5,2.99
2020-04-30,6356,195,0.13,191,7,3.01
2020-05-01,6551,195,0.14,196,5,2.99
2020-05-02,6708,157,0.14,199,3,2.97
2020-05-03,6838,130,0.15,203,4,2.97
2020-05-04,6967,129,0.15,211,8,3.03
2020-05-05,7128,161,0.15,214,3,3.0
2020-05-06,7244,116,0.15,221,7,3.05
2020-05-07,7377,133,0.16,227,6,3.08
2020-05-08,7594,217,0.16,231,4,3.04
2020-05-09,7803,209,0.17,234,3,3.0
2020-05-10,7878,75,0.17,236,2,3.0
2020-05-11,8176,298,0.17,238,2,2.91
2020-05-12,8416,240,0.18,241,3,2.86
2020-05-13,8621,205,0.18,249,8,2.89
2020-05-14,8817,196,0.19,254,5,2.88
2020-05-15,9050,233,0.19,262,8,2.9
2020-05-16,9126,76,0.19,269,7,2.95
2020-05-17,9465,339,0.2,272,3,2.87
2020-05-18,9635,170,0.2,273,1,2.83
2020-05-19,9859,224,0.21,278,5,2.82
2020-05-20,10095,236,0.21,283,5,2.8
2020-05-21,10283,188,0.22,288,5,2.8
2020-05-22,10526,243,0.22,292,4,2.77
2020-05-23,10770,244,0.23,294,2,2.73
2020-05-24,10921,151,0.23,305,11,2.79
2020-05-25,10995,74,0.23,311,6,2.83
2020-05-26,11281,286,0.24,315,4,2.79
2020-05-27,11542,261,0.24,322,7,2.79
2020-05-28,11770,228,0.25,328,6,2.79
2020-05-29,12009,239,0.25,332,4,2.76
2020-05-30,12220,211,0.26,343,11,2.81
2020-05-31,12276,56,0.26,345,2,2.81
2020-06-01,12664,388,0.27,349,4,2.76
2020-06-02,13027,363,0.28,356,7,2.73
2020-06-03,13268,241,0.28,363,7,2.74
2020-06-04,13603,335,0.29,371,8,2.73
2020-06-05,13940,337,0.3,377,6,2.7
2020-06-06,14423,483,0.31,383,6,2.66
2020-06-07,14586,163,0.31,386,3,2.65
2020-06-08,14918,332,0.32,394,8,2.64
2020-06-09,15238,320,0.32,395,1,2.59
2020-06-10,15552,314,0.33,399,4,2.57
2020-06-11,15864,312,0.34,405,6,2.55
2020-06-12,16188,324,0.34,415,10,2.56
2020-06-13,16568,380,0.35,429,14,2.59
2020-06-14,16778,210,0.36,438,9,2.61
2020-06-15,17282,504,0.37,446,8,2.58
2020-06-16,17707,425,0.38,453,7,2.56
2020-06-17,18157,450,0.39,463,10,2.55
2020-06-18,18552,395,0.39,475,12,2.56
2020-06-19,19739,1187,0.42,481,6,2.44
2020-06-20,20874,1135,0.44,494,13,2.37
2020-06-21,21053,179,0.45,502,8,2.38
2020-06-22,23047,1994,0.49,509,7,2.21
2020-06-23,24421,1374,0.52,520,11,2.13
2020-06-24,25786,1365,0.55,538,18,2.09
2020-06-25,27016,1230,0.57,550,12,2.04
2020-06-26,28254,1238,0.6,565,15,2.0
2020-06-27,29162,908,0.62,584,19,2.0
2020-06-28,29276,114,0.62,596,12,2.04
2020-06-29,30729,1453,0.65,615,19,2.0
2020-06-30,31422,693,0.67,631,16,2.01
2020-07-01,32859,1437,0.7,651,20,1.98
2020-07-02,34108,1249,0.72,680,29,1.99
2020-07-03,35316,1208,0.75,702,22,1.99
2020-07-04,35913,597,0.76,731,29,2.04
2020-07-05,36597,684,0.78,759,28,2.07
2020-07-06,37776,1179,0.8,786,27,2.08
2020-07-07,39311,1535,0.83,821,35,2.09
2020-07-08,40012,701,0.85,855,34,2.14
2020-07-09,40918,906,0.87,889,34,2.17
2020-07-10,41999,1081,0.89,924,35,2.2
2020-07-11,43939,1940,0.93,955,31,2.17
2020-07-12,45368,1429,0.96,981,26,2.16
2020-07-13,47369,2001,1.01,1017,36,2.15
2020-07-14,49027,1658,1.04,1052,35,2.15
2020-07-15,50362,1335,1.07,1089,37,2.16
2020-07-16,51959,1597,1.1,1117,28,2.15
2020-07-17,53535,1576,1.14,1147,30,2.14
2020-07-18,54782,1247,1.16,1170,23,2.14
2020-07-19,55743,961,1.18,1203,33,2.16
2020-07-20,57071,1328,1.21,1235,32,2.16
2020-07-21,58457,1386,1.24,1264,29,2.16
2020-07-22,59901,1444,1.27,1295,31,2.16
2020-07-23,61411,1510,1.3,1323,28,2.15
2020-07-24,62612,1201,1.33,1334,11,2.13
2020-07-25,64108,1496,1.36,1352,18,2.11
2020-07-26,65344,1236,1.39,1362,10,2.08
2020-07-27,66190,846,1.4,1376,14,2.08
2020-07-28,67655,1465,1.44,1394,18,2.06
2020-07-29,69123,1468,1.47,1400,6,2.03
2020-07-30,70847,1724,1.5,1404,4,1.98
2020-07-31,72961,2114,1.55,1408,4,1.93
2020-08-01,74881,1920,1.59,1409,1,1.88
2020-08-02,76639,1758,1.63,1409,0,1.84
2020-08-03,78100,1461,1.66,1409,0,1.8
2020-08-04,79536,1436,1.69,1409,0,1.77
2020-08-05,80914,1378,1.72,1409,0,1.74
2020-08-06,81919,1005,1.74,1459,50,1.78
2020-08-07,83183,1264,1.76,1514,55,1.82
2020-08-08,84600,1417,1.79,1562,48,1.85
2020-08-09,85757,1157,1.82,1575,13,1.84
2020-08-10,86563,806,1.84,1583,8,1.83
2020-08-11,87505,942,1.86,1616,33,1.85
2020-08-12,88494,989,1.88,1679,63,1.9
2020-08-13,89425,931,1.9,1713,34,1.92
2020-08-14,90574,1149,1.92,1771,58,1.96
2020-08-15,91698,1124,1.95,1812,41,1.98
2020-08-16,92253,555,1.96,1829,17,1.98
2020-08-17,92944,691,1.97,1838,9,1.98
2020-08-18,93872,928,1.99,1875,37,2.0
2020-08-19,94676,804,2.01,1920,45,2.03
2020-08-20,95631,955,2.03,1953,33,2.04
2020-08-21,96658,1027,2.05,1978,25,2.05
2020-08-22,97745,1087,2.07,2011,33,2.06
2020-08-23,98506,761,2.09,2028,17,2.06
2020-08-24,99290,784,2.11,2030,2,2.04
2020-08-25,100171,881,2.13,2072,42,2.07
2020-08-26,101077,906,2.14,2106,34,2.08
2020-08-27,101670,593,2.16,2140,34,2.1
2020-08-28,103088,1418,2.19,2153,13,2.09
2020-08-29,104649,1561,2.22,2177,24,2.08
2020-08-30,105757,1108,2.24,2188,11,2.07
2020-08-31,106595,838,2.26,2192,4,2.06
2020-09-01,107490,895,2.28,2208,16,2.05
2020-09-02,108085,595,2.29,2247,39,2.08
2020-09-03,108819,734,2.31,2281,34,2.1
2020-09-04,109834,1015,2.33,2300,19,2.09
2020-09-05,110762,928,2.35,2327,27,2.1
2020-09-06,111525,763,2.37,2335,8,2.09
2020-09-07,111525,0,2.37,2335,0,2.09
2020-09-08,112039,514,2.38,2342,7,2.09
2020-09-09,112762,723,2.39,2363,21,2.1
2020-09-10,113504,742,2.41,2363,0,2.08
2020-09-11,114761,1257,2.43,2395,32,2.09
2020-09-12,115149,388,2.44,2414,19,2.1
2020-09-13,116172,1023,2.46,2420,6,2.08
2020-09-14,117568,1396,2.49,2423,3,2.06
2020-09-15,120336,2768,2.55,2440,17,2.03
2020-09-16,120771,435,2.56,2458,18,2.04
2020-09-17,121628,857,2.58,2470,12,2.03
2020-09-18,122445,817,2.6,2483,13,2.03
2020-09-19,123264,819,2.62,2498,15,2.03
2020-09-20,123817,553,2.63,2504,6,2.02
2020-09-21,137946,14129,2.93,2505,1,1.82
2020-09-22,138473,527,2.94,2518,13,1.82
2020-09-23,139017,544,2.95,2535,17,1.82
2020-09-24,139681,664,2.96,2548,13,1.82
2020-09-25,140532,851,2.98,2555,7,1.82
2020-09-26,140868,336,2.99,2572,17,1.83
2020-09-27,141353,485,3.0,2576,4,1.82
2020-09-28,141707,354,3.01,2576,0,1.82
2020-09-29,142315,608,3.02,2588,12,1.82
2020-09-30,142681,366,3.03,2599,11,1.82
2020-10-01,143530,849,3.05,2607,8,1.82
2020-10-02,146234,2704,3.1,2615,8,1.79
2020-10-03,147298,1064,3.13,2624,9,1.78
2020-10-04,147808,510,3.14,2626,2,1.78
2020-10-05,148235,427,3.15,2628,2,1.77
2020-10-06,148769,534,3.16,2632,4,1.77
2020-10-07,149394,625,3.17,2647,15,1.77
2020-10-08,149771,377,3.18,2657,10,1.77
2020-10-09,150176,405,3.19,2668,11,1.78
2020-10-10,150626,450,3.2,2675,7,1.78
2020-10-11,151161,535,3.21,2682,7,1.77
2020-10-12,151463,302,3.21,2682,0,1.77
2020-10-13,151880,417,3.22,2689,7,1.77
2020-10-14,152623,743,3.24,2698,9,1.77
2020-10-15,152977,354,3.25,2708,10,1.77
2020-10-16,153571,594,3.26,2718,10,1.77
2020-10-17,153955,384,3.27,2726,8,1.77
2020-10-18,154367,412,3.28,2728,2,1.77
2020-10-19,154765,398,3.28,2729,1,1.76
2020-10-20,155192,427,3.29,2735,6,1.76
2020-10-21,156035,843,3.31,2750,15,1.76
2020-10-22,156742,707,3.33,2750,0,1.75
2020-10-23,157392,650,3.34,2759,9,1.75
2020-10-24,158379,987,3.36,2775,16,1.75
2020-10-25,158758,379,3.37,2783,8,1.75
2020-10-26,159272,514,3.38,2783,0,1.75
2020-10-27,159617,345,3.39,2785,2,1.74
2020-10-28,160532,915,3.41,2791,6,1.74
2020-10-29,160984,452,3.42,2800,9,1.74
2020-10-30,160984,0,3.42,2806,6,1.74
2020-10-31,161613,629,3.43,2809,3,1.74
2020-11-01,162306,693,3.44,2811,2,1.73
2020-11-02,163287,981,3.46,2814,3,1.72
2020-11-03,163845,558,3.48,2823,9,1.72
2020-11-04,164445,600,3.49,2841,18,1.73
2020-11-05,165252,807,3.51,2851,10,1.73
2020-11-06,165967,715,3.52,2854,3,1.72
2020-11-07,166545,578,3.53,2865,11,1.72
2020-11-08,167331,786,3.55,2866,1,1.71
2020-11-09,167956,625,3.56,2866,0,1.71
2020-11-10,168746,790,3.58,2871,5,1.7
2020-11-11,170835,2089,3.62,2877,6,1.68
2020-11-12,171916,1081,3.65,2895,18,1.68
2020-11-13,172763,847,3.67,2895,0,1.68
2020-11-14,173436,673,3.68,2908,13,1.68
2020-11-15,174493,1057,3.7,2909,1,1.67
2020-11-16,175414,921,3.72,2910,1,1.66
2020-11-17,175959,545,3.73,2919,9,1.66
2020-11-18,177466,1507,3.77,2928,9,1.65
2020-11-19,178811,1345,3.79,2943,15,1.65
2020-11-20,179911,1100,3.82,2954,11,1.64
2020-11-21,181361,1450,3.85,2964,10,1.63
2020-11-22,182192,831,3.87,2965,1,1.63
2020-11-23,183252,1060,3.89,2965,0,1.62
2020-11-24,185304,2052,3.93,2974,9,1.6
2020-11-25,187163,1859,3.97,2984,10,1.59
2020-11-26,187759,596,3.98,2992,8,1.59
2020-11-27,187867,108,3.99,2995,3,1.59
2020-11-28,187932,65,3.99,3001,6,1.6
2020-11-29,190631,2699,4.04,3009,8,1.58
2020-11-30,191513,882,4.06,3009,0,1.57
2020-12-01,192127,614,4.08,3013,4,1.57
2020-12-02,193089,962,4.1,3023,10,1.57
2020-12-03,194899,1810,4.14,3032,9,1.56
2020-12-04,195558,659,4.15,3046,14,1.56
2020-12-05,196658,1100,4.17,3060,14,1.56
2020-12-06,198961,2303,4.22,3067,7,1.54
2020-12-07,199597,636,4.23,3069,2,1.54
2020-12-08,200397,800,4.25,3086,17,1.54
2020-12-09,201496,1099,4.28,3103,17,1.54
2020-12-10,202861,1365,4.3,3110,7,1.53
2020-12-11,204850,1989,4.35,3128,18,1.53
