date,accum_confirm,new_confirm,infect_rate,accum_death,new_death,fatal_rate
2020-01-23,0,0,0.0,0,0,0.0
2020-01-24,0,0,0.0,0,0,0.0
2020-01-25,0,0,0.0,0,0,0.0
2020-01-26,0,0,0.0,0,0,0.0
2020-01-27,0,0,0.0,0,0,0.0
2020-01-28,0,0,0.0,0,0,0.0
2020-01-29,0,0,0.0,0,0,0.0
2020-01-30,0,0,0.0,0,0,0.0
2020-01-31,0,0,0.0,0,0,0.0
2020-02-01,0,0,0.0,0,0,0.0
2020-02-02,0,0,0.0,0,0,0.0
2020-02-03,0,0,0.0,0,0,0.0
2020-02-04,0,0,0.0,0,0,0.0
2020-02-05,0,0,0.0,0,0,0.0
2020-02-06,0,0,0.0,0,0,0.0
2020-02-07,0,0,0.0,0,0,0.0
2020-02-08,0,0,0.0,0,0,0.0
2020-02-09,0,0,0.0,0,0,0.0
2020-02-10,0,0,0.0,0,0,0.0
2020-02-11,0,0,0.0,0,0,0.0
2020-02-12,0,0,0.0,0,0,0.0
2020-02-13,0,0,0.0,0,0,0.0
2020-02-14,0,0,0.0,0,0,0.0
2020-02-15,0,0,0.0,0,0,0.0
2020-02-16,0,0,0.0,0,0,0.0
2020-02-17,0,0,0.0,0,0,0.0
2020-02-18,0,0,0.0,0,0,0.0
2020-02-19,0,0,0.0,0,0,0.0
2020-02-20,0,0,0.0,0,0,0.0
2020-02-21,0,0,0.0,0,0,0.0
2020-02-22,0,0,0.0,0,0,0.0
2020-02-23,0,0,0.0,0,0,0.0
2020-02-24,0,0,0.0,0,0,0.0
2020-02-25,0,0,0.0,0,0,0.0
2020-02-26,0,0,0.0,0,0,0.0
2020-02-27,0,0,0.0,0,0,0.0
2020-02-28,0,0,0.0,0,0,0.0
2020-02-29,0,0,0.0,0,0,0.0
2020-03-01,0,0,0.0,0,0,0.0
2020-03-02,0,0,0.0,0,0,0.0
2020-03-03,0,0,0.0,0,0,0.0
2020-03-04,0,0,0.0,0,0,0.0
2020-03-05,2,2,0.0,0,0,0.0
2020-03-06,4,2,0.0,0,0,0.0
2020-03-07,11,7,0.0,0,0,0.0
2020-03-08,11,0,0.0,0,0,0.0
2020-03-09,15,4,0.0,0,0,0.0
2020-03-10,27,12,0.0,0,0,0.0
2020-03-11,51,24,0.0,1,1,1.96
2020-03-12,64,13,0.0,1,0,1.56
2020-03-13,112,48,0.0,1,0,0.89
2020-03-14,213,101,0.0,3,2,1.41
2020-03-15,287,74,0.0,8,5,2.79
2020-03-16,457,170,0.01,16,8,3.5
2020-03-17,643,186,0.01,24,8,3.73
2020-03-18,1340,697,0.02,45,21,3.36
2020-03-19,2471,1131,0.03,69,24,2.79
2020-03-20,4408,1937,0.05,116,47,2.63
2020-03-21,6213,1805,0.07,160,44,2.58
2020-03-22,9045,2832,0.11,210,50,2.32
2020-03-23,12305,3260,0.15,292,82,2.37
2020-03-24,14904,2599,0.18,387,95,2.6
2020-03-25,17856,2952,0.21,510,123,2.86
2020-03-26,21393,3537,0.26,700,190,3.27
2020-03-27,25398,4005,0.3,917,217,3.61
2020-03-28,29766,4368,0.36,1191,274,4.0
2020-03-29,33768,4002,0.41,1483,292,4.39
2020-03-30,37453,3685,0.45,1808,325,4.83
2020-03-31,43139,5686,0.52,2192,384,5.08
2020-04-01,53868,10729,0.65,2640,448,4.9
2020-04-02,60083,6215,0.72,3137,497,5.22
2020-04-03,65627,5544,0.79,3635,498,5.54
2020-04-04,71178,5551,0.85,4145,510,5.82
2020-04-05,77091,5913,0.92,4725,580,6.13
2020-04-06,82927,5836,0.99,5301,576,6.39
2020-04-07,86975,4048,1.04,5899,598,6.78
2020-04-08,90927,3952,1.09,6468,569,7.11
2020-04-09,97505,6578,1.17,7028,560,7.21
2020-04-10,103765,6260,1.24,7567,539,7.29
2020-04-11,109544,5779,1.31,8110,543,7.4
2020-04-12,114810,5266,1.38,8682,572,7.56
2020-04-13,119502,4692,1.43,9253,571,7.74
2020-04-14,123404,3902,1.48,9763,510,7.91
2020-04-15,126465,3061,1.52,10218,455,8.08
2020-04-16,129961,3496,1.56,10632,414,8.18
2020-04-17,134247,4286,1.61,11016,384,8.21
2020-04-18,138229,3982,1.66,11407,391,8.25
2020-04-19,141898,3669,1.7,11806,399,8.32
2020-04-20,145574,3676,1.75,12170,364,8.36
2020-04-21,147861,2287,1.77,12492,322,8.45
2020-04-22,150296,2435,1.8,12804,312,8.52
2020-04-23,154183,3887,1.85,13136,332,8.52
2020-04-24,157339,3156,1.89,13451,315,8.55
2020-04-25,160868,3529,1.93,13716,265,8.53
2020-04-26,163788,2920,1.96,13962,246,8.52
2020-04-27,166381,2593,2.0,14233,271,8.55
2020-04-28,168028,1647,2.02,14461,228,8.61
2020-04-29,169082,1054,2.03,14701,240,8.69
2020-04-30,171415,2333,2.06,14924,223,8.71
2020-05-01,174175,2760,2.09,15133,209,8.69
2020-05-02,176551,2376,2.12,15324,191,8.68
2020-05-03,178601,2050,2.14,15502,178,8.68
2020-05-04,180526,1925,2.17,15661,159,8.68
2020-05-05,181616,1090,2.18,15812,151,8.71
2020-05-06,182430,814,2.19,15962,150,8.75
2020-05-07,184015,1585,2.21,16103,141,8.75
2020-05-08,185543,1528,2.23,16234,131,8.75
2020-05-09,186969,1426,2.24,16334,100,8.74
2020-05-10,188224,1255,2.26,16437,103,8.73
2020-05-11,189328,1104,2.27,16540,103,8.74
2020-05-12,189994,666,2.28,16631,91,8.75
2020-05-13,190463,469,2.28,16714,83,8.78
2020-05-14,191707,1244,2.3,16784,70,8.76
2020-05-15,193005,1298,2.32,16870,86,8.74
2020-05-16,194347,1342,2.33,16953,83,8.72
2020-05-17,195474,1127,2.34,17030,77,8.71
2020-05-18,196359,885,2.36,21454,4424,10.93
2020-05-19,196862,503,2.36,21514,60,10.93
2020-05-20,197232,370,2.37,21629,115,10.97
2020-05-21,198135,903,2.38,21701,72,10.95
2020-05-22,199148,1013,2.39,21775,74,10.93
2020-05-23,200229,1081,2.4,21851,76,10.91
2020-05-24,201305,1076,2.41,21909,58,10.88
2020-05-25,202355,1050,2.43,21979,70,10.86
2020-05-26,202814,459,2.43,21995,16,10.84
2020-05-27,203285,471,2.44,22044,49,10.84
2020-05-28,203756,471,2.44,22101,57,10.85
2020-05-29,204816,1060,2.46,22162,61,10.82
2020-05-30,205564,748,2.47,22227,65,10.81
2020-05-31,206215,651,2.47,22278,51,10.8
2020-06-01,206871,656,2.48,22326,48,10.79
2020-06-02,207224,353,2.49,22375,49,10.8
2020-06-03,207463,239,2.49,22429,54,10.81
2020-06-04,208161,698,2.5,22483,54,10.8
2020-06-05,208743,582,2.5,22504,21,10.78
2020-06-06,209261,518,2.51,22545,41,10.77
2020-06-07,209795,534,2.52,22571,26,10.76
2020-06-08,210213,418,2.52,22617,46,10.76
2020-06-09,210468,255,2.52,22651,34,10.76
2020-06-10,210680,212,2.53,22687,36,10.77
2020-06-11,211153,473,2.53,22709,22,10.75
2020-06-12,211584,431,2.54,22736,27,10.75
2020-06-13,211967,383,2.54,22755,19,10.74
2020-06-14,212351,384,2.55,22789,34,10.73
2020-06-15,212779,428,2.55,22811,22,10.72
2020-06-16,212989,210,2.55,22830,19,10.72
2020-06-17,213183,194,2.56,22854,24,10.72
2020-06-18,213583,400,2.56,22878,24,10.71
2020-06-19,214021,438,2.57,22900,22,10.7
2020-06-20,214391,370,2.57,22920,20,10.69
2020-06-21,214778,387,2.58,22953,33,10.69
2020-06-22,215163,385,2.58,22975,22,10.68
2020-06-23,215382,219,2.58,23002,27,10.68
2020-06-24,215566,184,2.59,23024,22,10.68
2020-06-25,215982,416,2.59,23038,14,10.67
2020-06-26,216377,395,2.6,23059,21,10.66
2020-06-27,216772,395,2.6,23081,22,10.65
2020-06-28,217083,311,2.6,23107,26,10.64
2020-06-29,217415,332,2.61,23132,25,10.64
2020-06-30,217634,219,2.61,23094,-38,10.61
2020-07-01,217852,218,2.61,23106,12,10.61
2020-07-02,218311,459,2.62,23134,28,10.6
2020-07-03,218767,456,2.62,23158,24,10.59
2020-07-04,219186,419,2.63,23173,15,10.57
2020-07-05,219614,428,2.63,23191,18,10.56
2020-07-06,219865,251,2.64,23207,16,10.56
2020-07-07,219997,132,2.64,23221,14,10.56
2020-07-08,220162,165,2.64,23243,22,10.56
2020-07-09,220618,456,2.65,23256,13,10.54
2020-07-10,221103,485,2.65,23269,13,10.52
2020-07-11,221558,455,2.66,23284,15,10.51
2020-07-12,221969,411,2.66,23295,11,10.49
2020-07-13,222297,328,2.67,23309,14,10.49
2020-07-14,222573,276,2.67,23319,10,10.48
2020-07-15,222810,237,2.67,23336,17,10.47
2020-07-16,223316,506,2.68,23346,10,10.45
2020-07-17,223734,418,2.68,23361,15,10.44
2020-07-18,224196,462,2.69,23374,13,10.43
2020-07-19,224636,440,2.69,23384,10,10.41
2020-07-20,225075,439,2.7,23395,11,10.39
2020-07-21,225311,236,2.7,23407,12,10.39
2020-07-22,225512,201,2.71,23415,8,10.38
2020-07-23,225942,430,2.71,23425,10,10.37
2020-07-24,226299,357,2.71,23430,5,10.35
2020-07-25,226649,350,2.72,23441,11,10.34
2020-07-26,226970,321,2.72,23450,9,10.33
2020-07-27,227287,317,2.73,23456,6,10.32
2020-07-28,227456,169,2.73,23467,11,10.32
2020-07-29,227615,159,2.73,23472,5,10.31
2020-07-30,227947,332,2.73,23477,5,10.3
2020-07-31,228278,331,2.74,23483,6,10.29
2020-08-01,228592,314,2.74,23491,8,10.28
2020-08-02,228877,285,2.75,23496,5,10.27
2020-08-03,229163,286,2.75,23498,2,10.25
2020-08-04,229366,203,2.75,23503,5,10.25
2020-08-05,229515,149,2.75,23511,8,10.24
2020-08-06,229887,372,2.76,23516,5,10.23
2020-08-07,230095,208,2.76,23519,3,10.22
2020-08-08,230416,321,2.76,23528,9,10.21
2020-08-09,230723,307,2.77,23531,3,10.2
2020-08-10,231005,282,2.77,23538,7,10.19
2020-08-11,231194,189,2.77,23544,6,10.18
2020-08-12,231344,150,2.77,23546,2,10.18
2020-08-13,231687,343,2.78,23552,6,10.17
2020-08-14,231977,290,2.78,23556,4,10.15
2020-08-15,232317,340,2.79,23566,10,10.14
2020-08-16,232627,310,2.79,23572,6,10.13
2020-08-17,232927,300,2.79,23577,5,10.12
2020-08-18,233094,167,2.8,23581,4,10.12
2020-08-19,233253,159,2.8,23584,3,10.11
2020-08-20,233608,355,2.8,23588,4,10.1
2020-08-21,233922,314,2.81,23590,2,10.08
2020-08-22,234219,297,2.81,23595,5,10.07
2020-08-23,234468,249,2.81,23603,8,10.07
2020-08-24,234747,279,2.82,23606,3,10.06
2020-08-25,234904,157,2.82,23608,2,10.05
2020-08-26,235080,176,2.82,23613,5,10.04
2020-08-27,235402,322,2.82,23614,1,10.03
2020-08-28,235705,303,2.83,23615,1,10.02
2020-08-29,236042,337,2.83,23616,1,10.0
2020-08-30,236338,296,2.83,23626,10,10.0
2020-08-31,236635,297,2.84,23674,48,10.0
2020-09-01,236789,154,2.84,23679,5,10.0
2020-09-02,236993,204,2.84,23684,5,9.99
2020-09-03,237325,332,2.85,23690,6,9.98
2020-09-04,237656,331,2.85,23695,5,9.97
2020-09-05,237954,298,2.85,23702,7,9.96
2020-09-06,238256,302,2.86,23702,0,9.95
2020-09-07,238506,250,2.86,23713,11,9.94
2020-09-08,238673,167,2.86,23720,7,9.94
2020-09-09,238902,229,2.87,23720,0,9.93
2020-09-10,239143,241,2.87,23723,3,9.92
2020-09-11,239563,420,2.87,23724,1,9.9
2020-09-12,239946,383,2.88,23728,4,9.89
2020-09-13,240299,353,2.88,23728,0,9.87
2020-09-14,240643,344,2.89,23734,6,9.86
2020-09-15,240872,229,2.89,23741,7,9.86
2020-09-16,241156,284,2.89,23745,4,9.85
2020-09-17,241618,462,2.9,23750,5,9.83
2020-09-18,242007,389,2.9,23756,6,9.82
2020-09-19,242415,408,2.91,23755,-1,9.8
2020-09-20,242803,388,2.91,23761,6,9.79
2020-09-21,243125,322,2.92,23763,2,9.77
2020-09-22,243310,185,2.92,23764,1,9.77
2020-09-23,243494,184,2.92,23764,0,9.76
2020-09-24,244064,570,2.93,23770,6,9.74
2020-09-25,244527,463,2.93,23776,6,9.72
2020-09-26,245124,597,2.94,23778,2,9.7
2020-09-27,245672,548,2.95,23783,5,9.68
2020-09-28,246186,514,2.95,23791,8,9.66
2020-09-29,246499,313,2.96,23795,4,9.65
2020-09-30,246929,430,2.96,23799,4,9.64
2020-10-01,247404,475,2.97,23807,8,9.62
2020-10-02,248164,760,2.98,23823,16,9.6
2020-10-03,248832,668,2.98,23823,0,9.57
2020-10-04,249528,696,2.99,23828,5,9.55
2020-10-05,250210,682,3.0,23834,6,9.53
2020-10-06,250533,323,3.01,23839,5,9.52
2020-10-07,250939,406,3.01,23852,13,9.51
2020-10-08,251877,938,3.02,23855,3,9.47
2020-10-09,252518,641,3.03,23859,4,9.45
2020-10-10,253149,631,3.04,23861,2,9.43
2020-10-11,253749,600,3.04,23865,4,9.4
2020-10-12,254367,618,3.05,23869,4,9.38
2020-10-13,254723,356,3.06,23876,7,9.37
2020-10-14,255053,330,3.06,23883,7,9.36
2020-10-15,255639,586,3.07,23894,11,9.35
2020-10-16,256339,700,3.07,23897,3,9.32
2020-10-17,257056,717,3.08,23903,6,9.3
2020-10-18,257790,734,3.09,23915,12,9.28
2020-10-19,258420,630,3.1,23922,7,9.26
2020-10-20,258893,473,3.11,23924,2,9.24
2020-10-21,259422,529,3.11,23926,2,9.22
2020-10-22,260216,794,3.12,23932,6,9.2
2020-10-23,260984,768,3.13,23942,10,9.17
2020-10-24,261802,818,3.14,23943,1,9.15
2020-10-25,262743,941,3.15,23946,3,9.11
2020-10-26,263521,778,3.16,23950,4,9.09
2020-10-27,264042,521,3.17,23957,7,9.07
2020-10-28,264559,517,3.17,23961,4,9.06
2020-10-29,265471,912,3.18,23972,11,9.03
2020-10-30,266447,976,3.2,23979,7,9.0
2020-10-31,267455,1008,3.21,23983,4,8.97
2020-11-01,268303,848,3.22,23992,9,8.94
2020-11-02,269181,878,3.23,23997,5,8.91
2020-11-03,269731,550,3.24,24001,4,8.9
2020-11-04,270468,737,3.24,24012,11,8.88
2020-11-05,271755,1287,3.26,24020,8,8.84
2020-11-06,272960,1205,3.27,24029,9,8.8
2020-11-07,274438,1478,3.29,24034,5,8.76
2020-11-08,275980,1542,3.31,24048,14,8.71
2020-11-09,277438,1458,3.33,24055,7,8.67
2020-11-10,278638,1200,3.34,24060,5,8.63
2020-11-11,279802,1164,3.36,24076,16,8.6
2020-11-12,281892,2090,3.38,24080,4,8.54
2020-11-13,283983,2091,3.41,24086,6,8.48
2020-11-14,285969,1986,3.43,24099,13,8.43
2020-11-15,287969,2000,3.45,24109,10,8.37
2020-11-16,289974,2005,3.48,24114,5,8.32
2020-11-17,291432,1458,3.5,24119,5,8.28
2020-11-18,292761,1329,3.51,24130,11,8.24
2020-11-19,295122,2361,3.54,24147,17,8.18
2020-11-20,297408,2286,3.57,24170,23,8.13
2020-11-21,299692,2284,3.59,24182,12,8.07
2020-11-22,302080,2388,3.62,24189,7,8.01
2020-11-23,304354,2274,3.65,24200,11,7.95
2020-11-24,305999,1645,3.67,24203,3,7.91
2020-11-25,307561,1562,3.69,24213,10,7.87
2020-11-26,310448,2887,3.72,24217,4,7.8
2020-11-27,313102,2654,3.76,24228,11,7.74
2020-11-28,316096,2994,3.79,24236,8,7.67
2020-11-29,317296,1200,3.81,24242,6,7.64
2020-11-30,320349,3053,3.84,24246,4,7.57
2020-12-01,322720,2371,3.87,24252,6,7.51
2020-12-02,325077,2357,3.9,24262,10,7.46
2020-12-03,328661,3584,3.94,24274,12,7.39
2020-12-04,332791,4130,3.99,24290,16,7.3
2020-12-05,336615,3824,4.04,24316,26,7.22
2020-12-06,340392,3777,4.08,24328,12,7.15
2020-12-07,343924,3532,4.13,24337,9,7.08
2020-12-08,346460,2536,4.16,24358,21,7.03
2020-12-09,348868,2408,4.18,24364,6,6.98
2020-12-10,353158,4290,4.24,24375,11,6.9
2020-12-11,357085,3927,4.28,24405,30,6.83
2020-12-12,361123,4038,4.33,24428,23,6.76
2020-12-13,365100,3977,4.38,24456,28,6.7
2020-12-14,368897,3797,4.42,24475,19,6.63
2020-12-15,371587,2690,4.46,24497,22,6.59
2020-12-16,374539,2952,4.49,24524,27,6.55
2020-12-17,378975,4436,4.55,24550,26,6.48
2020-12-18,383429,4454,4.6,24599,49,6.42
2020-12-19,386922,3493,4.64,24624,25,6.36
2020-12-20,389514,2592,4.67,24637,13,6.33
2020-12-21,393650,4136,4.72,24673,36,6.27
2020-12-22,396783,3133,4.76,24700,27,6.23
2020-12-23,399751,2968,4.8,24732,32,6.19
2020-12-24,404869,5118,4.86,24776,44,6.12
2020-12-25,409642,4773,4.91,24819,43,6.06
2020-12-26,413914,4272,4.96,24849,30,6.0
2020-12-27,417141,3227,5.0,24880,31,5.96
2020-12-28,418525,1384,5.02,24915,35,5.95
2020-12-29,421811,3286,5.06,24956,41,5.92
2020-12-30,426018,4207,5.11,25001,45,5.87
2020-12-31,430597,4579,5.17,25042,41,5.82
2021-01-01,436426,5829,5.23,25099,57,5.75
2021-01-02,442426,6000,5.31,25124,25,5.68
2021-01-03,446630,4204,5.36,25152,28,5.63
2021-01-04,450389,3759,5.4,25179,27,5.59
2021-01-05,455726,5337,5.47,25207,28,5.53
2021-01-06,460727,5001,5.53,25251,44,5.48
2021-01-07,467064,6337,5.6,25305,54,5.42
2021-01-08,474074,7010,5.69,25355,50,5.35
2021-01-09,481014,6940,5.77,25402,47,5.28
2021-01-10,487285,6271,5.84,25463,61,5.23
